21 0.132925 0.131305 0.106510 0.108130
4 0.381300 0.131710 0.082920 0.108940
6 0.621540 0.132925 0.100000 0.113010
0 0.866665 0.131710 0.112190 0.108940
13 0.132520 0.376015 0.102440 0.109750
14 0.376825 0.376420 0.108130 0.113820
7 0.622765 0.375610 0.100810 0.108940
8 0.867890 0.375610 0.030080 0.108940
7 0.132520 0.619915 0.100820 0.108130
8 0.377235 0.619915 0.027650 0.108130
14 0.621950 0.621545 0.107320 0.111390
24 0.867890 0.620325 0.100000 0.108950
25 0.132115 0.864635 0.096750 0.108130
13 0.376830 0.864230 0.101620 0.108940
2 0.623580 0.865445 0.086180 0.113010
24 0.867070 0.864230 0.100000 0.108940
