7 0.125610 0.127235 0.102440 0.111390
13 0.374390 0.127235 0.102440 0.109750
14 0.621545 0.128455 0.110570 0.115450
4 0.875200 0.127235 0.086180 0.111390
4 0.128860 0.376015 0.086180 0.113010
15 0.376020 0.375610 0.097560 0.112200
23 0.621950 0.375205 0.111380 0.112190
17 0.873170 0.375610 0.100000 0.112200
16 0.123575 0.624390 0.171550 0.102440
0 0.374390 0.623170 0.112200 0.111380
14 0.621950 0.624390 0.111380 0.115440
19 0.871545 0.623170 0.095130 0.112200
18 0.124390 0.872355 0.095120 0.115450
19 0.373980 0.871135 0.095120 0.113010
4 0.626420 0.871140 0.086180 0.111380
0 0.872355 0.871545 0.114630 0.112190
