30 0.797560 0.089835 0.064220 0.064230
13 0.213005 0.286990 0.075610 0.079680
15 0.398375 0.286585 0.070730 0.078870
20 0.580895 0.287395 0.073170 0.082110
17 0.765445 0.286585 0.071550 0.078870
18 0.213005 0.466665 0.069110 0.082930
8 0.396745 0.465450 0.021950 0.078860
4 0.583335 0.465040 0.061790 0.079680
4 0.767075 0.465855 0.061790 0.079670
4 0.215855 0.643495 0.061790 0.078870
19 0.396745 0.643900 0.069110 0.079680
18 0.580485 0.645120 0.070730 0.083740
22 0.764230 0.643900 0.111380 0.079680
14 0.212600 0.823170 0.081300 0.082120
18 0.396340 0.823170 0.069920 0.083740
19 0.580895 0.822360 0.068290 0.078860
14 0.764225 0.823985 0.080490 0.082110
