11 0.135365 0.134145 0.080490 0.108950
19 0.373980 0.134550 0.091060 0.109760
13 0.617075 0.134550 0.099190 0.109760
4 0.863410 0.134145 0.081300 0.108950
10 0.134145 0.378860 0.094310 0.108940
20 0.373985 0.380080 0.095930 0.111380
19 0.617070 0.378865 0.092680 0.110570
17 0.861790 0.379675 0.095940 0.108950
19 0.131710 0.623175 0.091060 0.108130
4 0.378050 0.622765 0.082920 0.107310
9 0.614225 0.623985 0.069110 0.113010
13 0.859760 0.623175 0.100000 0.108130
18 0.130895 0.868695 0.092690 0.113010
4 0.377645 0.867075 0.082110 0.108130
8 0.617075 0.867480 0.029270 0.108940
4 0.863410 0.867885 0.081300 0.108130
