30 0.809350 0.076020 0.065040 0.067480
1 0.222765 0.283330 0.070730 0.083740
24 0.406100 0.282925 0.074800 0.082930
24 0.591460 0.283335 0.076420 0.084550
21 0.776425 0.282925 0.080490 0.082930
19 0.221140 0.470730 0.069100 0.084560
8 0.406505 0.470730 0.021950 0.083740
13 0.591460 0.471140 0.076420 0.083740
0 0.776425 0.470730 0.085370 0.084560
8 0.221140 0.658535 0.023580 0.084550
18 0.405690 0.658940 0.070740 0.088620
4 0.593900 0.658130 0.063420 0.082120
13 0.776420 0.658130 0.077240 0.083740
20 0.221545 0.845935 0.073170 0.085370
19 0.406100 0.845935 0.069920 0.084550
4 0.594310 0.845930 0.062600 0.083740
3 0.777640 0.845930 0.076420 0.083740
