26 0.063410 0.054470 0.102440 0.079680
19 0.133735 0.136585 0.091870 0.107310
6 0.375205 0.136990 0.098370 0.111380
7 0.619105 0.136585 0.096750 0.107310
27 0.792275 0.054065 0.103250 0.078870
25 0.863010 0.136585 0.095120 0.107310
15 0.136180 0.379675 0.093500 0.107310
4 0.380485 0.379675 0.082930 0.108950
14 0.619510 0.380490 0.107320 0.113820
6 0.861380 0.380490 0.098380 0.112200
26 0.063005 0.539835 0.101630 0.079670
7 0.134145 0.621950 0.099190 0.107320
17 0.380080 0.621950 0.096740 0.107320
19 0.619915 0.622355 0.091870 0.108130
19 0.863005 0.622355 0.091870 0.108130
4 0.136990 0.865445 0.082120 0.108130
8 0.376830 0.865040 0.028460 0.108940
26 0.549185 0.782115 0.103250 0.078050
8 0.619920 0.865040 0.030080 0.107320
19 0.863005 0.865445 0.091870 0.108130
