13 0.130080 0.132115 0.102440 0.109750
4 0.380895 0.132520 0.085370 0.110560
19 0.625610 0.132115 0.093500 0.109750
13 0.872765 0.132115 0.103250 0.109750
14 0.129270 0.378860 0.108940 0.113820
18 0.377235 0.379675 0.094310 0.113830
8 0.625205 0.378045 0.030890 0.110570
24 0.872355 0.377640 0.100810 0.109760
18 0.130085 0.625200 0.094310 0.113820
4 0.381300 0.623985 0.084560 0.109750
3 0.626830 0.623575 0.102440 0.110570
0 0.872355 0.624390 0.112190 0.108940
8 0.130490 0.869920 0.030080 0.108940
19 0.377640 0.869510 0.093500 0.109760
4 0.628455 0.869510 0.084550 0.109760
1 0.874795 0.869510 0.095930 0.109760
