30 0.786585 0.081300 0.063410 0.065040
4 0.223990 0.284145 0.061780 0.082110
11 0.402435 0.284555 0.059350 0.082110
26 0.525205 0.221545 0.075610 0.059350
15 0.578860 0.284145 0.067480 0.082110
4 0.758130 0.284555 0.061780 0.082930
23 0.220730 0.467480 0.082920 0.081300
26 0.346750 0.405285 0.076420 0.060970
12 0.399190 0.467480 0.095120 0.082920
8 0.577235 0.468700 0.021950 0.082120
14 0.754065 0.468700 0.078050 0.085360
18 0.221140 0.652440 0.069100 0.085360
4 0.401625 0.652035 0.062610 0.082930
24 0.576830 0.652035 0.071540 0.082930
20 0.755285 0.652440 0.070730 0.085360
22 0.221135 0.835365 0.108130 0.082110
26 0.347560 0.773575 0.076420 0.059350
18 0.398370 0.836180 0.067480 0.085360
27 0.525205 0.773170 0.075610 0.060160
4 0.579265 0.835775 0.061790 0.082930
22 0.753655 0.835365 0.108130 0.082110
