30 0.896340 0.074390 0.081300 0.070740
4 0.160570 0.286990 0.079680 0.086180
19 0.389435 0.287395 0.086990 0.086990
1 0.623580 0.286990 0.088620 0.086180
18 0.854065 0.288210 0.087810 0.090240
4 0.160160 0.480490 0.078860 0.086180
17 0.391055 0.480490 0.091870 0.086180
4 0.625200 0.480895 0.078860 0.085370
18 0.854065 0.480895 0.087810 0.090250
23 0.155285 0.673170 0.103250 0.086180
13 0.389025 0.673980 0.095930 0.086180
8 0.622360 0.673575 0.027640 0.085370
4 0.857720 0.673575 0.078860 0.086990
0 0.155695 0.866670 0.105690 0.086180
17 0.390650 0.866670 0.091060 0.086180
5 0.626020 0.866670 0.078860 0.086180
20 0.854880 0.867885 0.091060 0.088610
