30 0.803250 0.092275 0.065860 0.064230
24 0.209350 0.289430 0.074800 0.079680
0 0.395935 0.289430 0.085370 0.079680
4 0.585770 0.289835 0.065040 0.080490
28 0.715855 0.228865 0.079670 0.059350
11 0.773170 0.289840 0.062600 0.078860
13 0.209350 0.468290 0.076420 0.079680
28 0.341870 0.407320 0.081300 0.060160
12 0.395930 0.468290 0.100000 0.079680
17 0.584550 0.469105 0.073980 0.079670
24 0.769915 0.468290 0.075610 0.079680
14 0.208535 0.648370 0.082930 0.083740
10 0.399595 0.647155 0.073170 0.079670
4 0.585770 0.648780 0.065040 0.079680
28 0.715450 0.586990 0.078860 0.060160
18 0.769920 0.648780 0.072360 0.084560
29 0.155690 0.765445 0.081300 0.059350
14 0.208535 0.827645 0.082930 0.082930
14 0.395935 0.828050 0.082110 0.083740
9 0.580485 0.826830 0.052850 0.081300
8 0.769920 0.826830 0.023580 0.079680
