18 0.131705 0.132115 0.091870 0.113010
20 0.376015 0.132520 0.095930 0.110560
4 0.623985 0.131710 0.082930 0.108940
9 0.862195 0.132520 0.069910 0.112200
3 0.133740 0.376015 0.100820 0.108130
15 0.378455 0.376015 0.092690 0.108130
0 0.621545 0.376015 0.112190 0.108130
24 0.865020 0.376015 0.099960 0.108130
19 0.131705 0.619915 0.091870 0.108130
12 0.376015 0.619915 0.128450 0.108130
14 0.619515 0.620735 0.108130 0.113010
11 0.869510 0.619915 0.081300 0.108130
7 0.132520 0.864635 0.098380 0.108130
4 0.380080 0.865040 0.082920 0.108940
4 0.624390 0.864635 0.082120 0.108950
3 0.866670 0.863825 0.100000 0.108130
