22 0.131300 0.131710 0.148780 0.108940
4 0.379675 0.132115 0.084550 0.109750
6 0.619110 0.132925 0.100000 0.113010
26 0.793905 0.048370 0.103250 0.078860
15 0.867070 0.132520 0.095120 0.108940
27 0.060975 0.293905 0.102430 0.080490
4 0.136180 0.377235 0.083740 0.110570
15 0.378045 0.377235 0.094310 0.108950
4 0.623980 0.376830 0.083740 0.109760
11 0.869515 0.377235 0.080490 0.108950
14 0.131305 0.623170 0.108130 0.113000
14 0.375200 0.623170 0.109760 0.113000
26 0.549185 0.539020 0.103250 0.081300
18 0.620325 0.623170 0.092690 0.113000
14 0.865040 0.622760 0.107320 0.113820
26 0.060975 0.783740 0.102430 0.078040
19 0.131705 0.867055 0.091050 0.108090
11 0.380895 0.867075 0.082110 0.108130
7 0.620325 0.867480 0.099190 0.108940
13 0.865040 0.867480 0.100820 0.108940
