30 0.812190 0.063005 0.067480 0.069110
0 0.205280 0.273985 0.086180 0.084550
11 0.399595 0.274390 0.063410 0.084560
18 0.586180 0.274390 0.072360 0.088620
19 0.778870 0.273980 0.072340 0.086180
3 0.206500 0.464225 0.078860 0.084550
28 0.341060 0.399590 0.081300 0.062600
0 0.396340 0.465040 0.087800 0.084560
28 0.532115 0.399595 0.082930 0.064230
8 0.587395 0.465040 0.024390 0.085360
4 0.781300 0.465040 0.065860 0.086180
9 0.202845 0.655285 0.055290 0.087810
0 0.396340 0.654875 0.086180 0.085370
29 0.531300 0.589840 0.081300 0.062600
4 0.590245 0.654875 0.065850 0.085370
14 0.777645 0.656095 0.084550 0.087810
28 0.149190 0.780485 0.081300 0.061790
12 0.205285 0.845525 0.100810 0.084550
11 0.400000 0.845525 0.064220 0.084550
14 0.586585 0.846750 0.084550 0.088620
17 0.779675 0.845935 0.075610 0.085370
