30 0.790245 0.081300 0.064230 0.067480
15 0.217480 0.286585 0.069920 0.082110
19 0.396340 0.286180 0.068300 0.082920
6 0.576015 0.286990 0.073170 0.086180
4 0.760160 0.286180 0.060980 0.082920
7 0.216260 0.470730 0.073980 0.082920
28 0.343900 0.408130 0.077240 0.060160
14 0.395935 0.472360 0.080490 0.086180
18 0.576425 0.472355 0.069110 0.086990
28 0.704880 0.407315 0.077240 0.061790
7 0.757725 0.471135 0.073990 0.082110
17 0.216665 0.655690 0.071550 0.082120
14 0.395935 0.656505 0.080490 0.085370
28 0.523980 0.593900 0.076420 0.060980
19 0.577235 0.655690 0.069110 0.082120
11 0.760975 0.656095 0.060970 0.082930
29 0.163010 0.778455 0.076420 0.061790
3 0.217075 0.841465 0.075610 0.082930
17 0.397560 0.841055 0.070740 0.082110
19 0.577645 0.840650 0.068290 0.082920
4 0.760160 0.841060 0.062600 0.083740
