30 0.775200 0.115450 0.060160 0.060160
22 0.232115 0.300000 0.104070 0.073980
8 0.403245 0.299995 0.020310 0.073170
17 0.575205 0.300000 0.068290 0.074800
4 0.747155 0.300000 0.057730 0.074800
4 0.235365 0.467480 0.058530 0.074800
1 0.404875 0.467480 0.065850 0.074800
17 0.575585 0.467480 0.067430 0.074800
19 0.744310 0.467885 0.063420 0.073990
14 0.232520 0.636180 0.075600 0.077240
19 0.403255 0.635365 0.064230 0.073990
0 0.574390 0.635365 0.078040 0.073990
4 0.746750 0.635770 0.058540 0.074800
11 0.236175 0.802845 0.056910 0.073990
18 0.402845 0.804065 0.065050 0.078050
13 0.573985 0.803250 0.070730 0.074800
17 0.745950 0.803250 0.066700 0.074800
