12 0.133740 0.128860 0.129260 0.109760
4 0.381710 0.128860 0.083740 0.109760
7 0.621545 0.129270 0.098370 0.108940
28 0.794715 0.046345 0.103250 0.078050
21 0.866665 0.128865 0.104070 0.108130
28 0.063410 0.290650 0.102440 0.080480
7 0.134960 0.374385 0.097560 0.108130
0 0.378045 0.373980 0.110570 0.108940
11 0.626425 0.374795 0.080490 0.108950
4 0.869510 0.373575 0.082120 0.108130
7 0.134150 0.618700 0.097560 0.107320
29 0.306910 0.536585 0.103260 0.081310
15 0.380895 0.618700 0.093490 0.107320
17 0.622360 0.618700 0.095120 0.108940
8 0.865855 0.619105 0.029270 0.108130
4 0.137800 0.863820 0.083740 0.109760
3 0.379675 0.864230 0.100810 0.107320
22 0.621135 0.863825 0.147970 0.108130
28 0.795120 0.781300 0.102440 0.078040
3 0.867480 0.864230 0.100820 0.108940
