13 0.124795 0.127235 0.104070 0.110570
24 0.373580 0.126825 0.102440 0.110570
4 0.624795 0.127235 0.084550 0.111390
13 0.869510 0.127235 0.104060 0.111390
4 0.128455 0.374390 0.085370 0.111380
14 0.372360 0.375205 0.109760 0.114630
18 0.620325 0.374795 0.095130 0.115450
14 0.868290 0.374800 0.109760 0.113820
0 0.124800 0.621545 0.113820 0.109750
3 0.374390 0.621955 0.102440 0.110570
6 0.619915 0.622355 0.100810 0.114630
3 0.870735 0.621135 0.103250 0.110570
16 0.123580 0.869515 0.169920 0.103250
21 0.372765 0.868700 0.107310 0.109760
8 0.621140 0.868290 0.030080 0.109760
5 0.872765 0.868700 0.084550 0.111380
