30 0.797560 0.070730 0.064220 0.066660
20 0.208535 0.275610 0.073170 0.084560
14 0.392685 0.275205 0.082110 0.085370
17 0.580085 0.274795 0.073170 0.082930
0 0.764225 0.274390 0.085370 0.082120
17 0.209345 0.459755 0.073170 0.082110
19 0.393090 0.460165 0.069920 0.082930
4 0.581705 0.459755 0.063410 0.082930
25 0.764635 0.459755 0.073170 0.082110
3 0.208940 0.645120 0.077240 0.083740
8 0.393900 0.645120 0.022760 0.083740
0 0.578860 0.644310 0.085360 0.082120
18 0.764225 0.645530 0.070730 0.086180
5 0.210975 0.830080 0.065050 0.084560
14 0.393495 0.831300 0.082110 0.085360
7 0.579270 0.829670 0.076420 0.083740
24 0.764635 0.830080 0.074790 0.082920
