30 0.786995 0.088210 0.064230 0.067480
14 0.204470 0.289835 0.079680 0.085370
21 0.388595 0.290245 0.078810 0.081290
12 0.571140 0.289430 0.095940 0.081300
7 0.754470 0.289430 0.073980 0.081300
26 0.152440 0.410565 0.076420 0.059350
8 0.205285 0.472765 0.022770 0.082110
24 0.389435 0.472765 0.075610 0.080490
26 0.517885 0.410570 0.077230 0.060160
4 0.574390 0.472765 0.063420 0.082110
8 0.754880 0.472765 0.021140 0.080490
17 0.206505 0.655690 0.070730 0.080480
0 0.387805 0.655690 0.082110 0.080480
13 0.571950 0.655280 0.074800 0.081300
4 0.757315 0.656100 0.061790 0.081300
4 0.208535 0.838615 0.061790 0.082110
26 0.334960 0.776420 0.078860 0.060160
18 0.388210 0.839430 0.068300 0.083740
27 0.517885 0.776420 0.077230 0.058540
14 0.571140 0.839430 0.081300 0.085360
10 0.757725 0.838615 0.069110 0.080490
