12 0.131710 0.138615 0.130080 0.108130
14 0.374795 0.140240 0.108950 0.111380
4 0.624390 0.138615 0.084560 0.108130
8 0.865040 0.139025 0.029260 0.107310
21 0.131705 0.380490 0.105690 0.107320
24 0.377235 0.380085 0.100810 0.108130
11 0.625205 0.380085 0.082930 0.108130
17 0.866670 0.380490 0.097560 0.108940
7 0.132110 0.621545 0.100000 0.108130
0 0.376825 0.621950 0.113010 0.107320
17 0.621545 0.621545 0.096750 0.108130
15 0.866665 0.621950 0.094310 0.107320
19 0.132115 0.863415 0.091870 0.108950
18 0.376015 0.864225 0.091870 0.112190
4 0.623980 0.863415 0.083740 0.107310
2 0.865445 0.864225 0.086990 0.112190
