30 0.790650 0.080485 0.065040 0.063410
16 0.207315 0.282925 0.124390 0.074790
17 0.392680 0.282110 0.072360 0.081300
9 0.572765 0.283330 0.052030 0.083740
28 0.705285 0.219920 0.078050 0.060980
18 0.757725 0.282925 0.069110 0.084550
29 0.154470 0.402830 0.077240 0.060940
4 0.210975 0.465040 0.063410 0.082920
15 0.392685 0.464635 0.070730 0.082110
17 0.575610 0.464635 0.072360 0.082930
8 0.758535 0.465040 0.021950 0.081300
28 0.154470 0.584960 0.077240 0.060980
19 0.208130 0.647150 0.067480 0.081300
14 0.391055 0.647965 0.082110 0.084550
28 0.520735 0.584955 0.078050 0.059350
3 0.576425 0.647150 0.075610 0.081300
4 0.760975 0.647560 0.062610 0.081300
19 0.208130 0.829675 0.069100 0.082110
23 0.391465 0.830080 0.082930 0.081300
4 0.578050 0.830080 0.062600 0.081300
18 0.758130 0.830485 0.069920 0.085370
