13 0.132115 0.130895 0.101630 0.108950
4 0.380890 0.130895 0.083740 0.107310
15 0.624795 0.131305 0.093490 0.108130
4 0.870730 0.131305 0.082920 0.108130
24 0.132110 0.375205 0.100000 0.108130
7 0.377640 0.374795 0.100000 0.108950
19 0.622355 0.374385 0.091870 0.108130
4 0.871545 0.374795 0.082930 0.108950
17 0.134555 0.618295 0.098370 0.108130
18 0.376420 0.619915 0.092680 0.113010
7 0.622355 0.618700 0.098370 0.107320
2 0.868290 0.618700 0.086180 0.112200
17 0.133335 0.861790 0.095930 0.108940
8 0.377235 0.861785 0.027650 0.105690
0 0.622765 0.861790 0.110570 0.107320
19 0.867885 0.862195 0.091870 0.108130
