18 0.132925 0.136585 0.091870 0.112190
0 0.376830 0.136175 0.108140 0.108130
13 0.620325 0.136585 0.102430 0.108950
4 0.866260 0.136585 0.083740 0.108950
19 0.133735 0.378860 0.091870 0.107320
20 0.377235 0.378865 0.097570 0.110570
17 0.621535 0.378455 0.096730 0.108130
18 0.862195 0.379265 0.091870 0.113010
18 0.132925 0.621140 0.091870 0.112200
14 0.376420 0.621140 0.107320 0.112200
23 0.619920 0.620735 0.109760 0.108130
19 0.862600 0.620735 0.091060 0.108130
14 0.133330 0.863415 0.107320 0.112190
21 0.376830 0.863005 0.104880 0.108130
14 0.619105 0.864225 0.108130 0.112190
6 0.861380 0.864225 0.100000 0.112190
