30 0.789020 0.080485 0.065040 0.066670
18 0.207315 0.287395 0.069110 0.086990
0 0.391060 0.286995 0.083740 0.084550
14 0.572760 0.287805 0.081300 0.086990
4 0.759350 0.286995 0.062600 0.084550
17 0.208940 0.474390 0.072360 0.082120
5 0.393900 0.474390 0.063420 0.083740
22 0.573180 0.474390 0.111360 0.083740
6 0.756100 0.474800 0.073980 0.086180
17 0.209370 0.661775 0.073140 0.082950
4 0.393495 0.662190 0.064230 0.083740
4 0.576420 0.661380 0.062600 0.083740
11 0.760160 0.661380 0.062600 0.083740
18 0.206910 0.849185 0.069920 0.086990
8 0.391055 0.847965 0.021950 0.082110
3 0.574795 0.848370 0.075610 0.083740
20 0.756505 0.849185 0.071550 0.085370
