30 0.791465 0.088620 0.063410 0.065040
8 0.222360 0.288210 0.021140 0.080480
18 0.401220 0.289020 0.068300 0.083740
19 0.580895 0.288230 0.068290 0.080460
12 0.760160 0.288210 0.095120 0.080480
17 0.223575 0.468290 0.069110 0.079680
10 0.404875 0.468695 0.069110 0.080490
20 0.580485 0.469510 0.070730 0.082120
11 0.763010 0.469515 0.060160 0.080490
0 0.222765 0.648780 0.080490 0.079680
0 0.402050 0.648780 0.079700 0.079680
8 0.580890 0.648780 0.021140 0.079680
14 0.759350 0.649595 0.078860 0.082930
6 0.221545 0.830490 0.073170 0.083740
4 0.404475 0.829675 0.061790 0.080490
19 0.580895 0.829270 0.066670 0.079680
19 0.759755 0.829675 0.066670 0.080490
