9 0.124390 0.122760 0.069100 0.113820
20 0.374795 0.122765 0.098370 0.113010
0 0.622355 0.121545 0.112190 0.111390
0 0.869920 0.122360 0.114640 0.111380
24 0.128045 0.371950 0.100810 0.111380
4 0.378455 0.371950 0.084550 0.113000
4 0.626015 0.371950 0.085370 0.113000
7 0.869515 0.371950 0.100810 0.112200
14 0.126425 0.621950 0.110570 0.115440
24 0.376020 0.621545 0.102440 0.111390
11 0.626830 0.621135 0.083740 0.110570
13 0.869105 0.621545 0.103250 0.111390
7 0.127235 0.870730 0.102430 0.111380
0 0.375200 0.870325 0.113820 0.111390
19 0.622765 0.870730 0.093490 0.112200
0 0.869915 0.870730 0.113010 0.112200
