30 0.787395 0.062195 0.061790 0.069110
18 0.219915 0.275605 0.068290 0.089430
3 0.400405 0.274800 0.073170 0.086180
14 0.576420 0.275200 0.078860 0.090240
23 0.755285 0.274390 0.080490 0.084560
13 0.219510 0.467480 0.073980 0.086180
4 0.401625 0.467480 0.060970 0.086180
4 0.580085 0.467885 0.061790 0.086990
7 0.756505 0.467885 0.073170 0.086990
14 0.219510 0.661380 0.078860 0.090240
18 0.398375 0.661380 0.069110 0.090240
8 0.577235 0.660165 0.021950 0.086990
19 0.756505 0.660160 0.068290 0.086180
11 0.223980 0.853255 0.060160 0.086990
21 0.398370 0.853250 0.078860 0.085360
8 0.577640 0.852845 0.021140 0.086170
21 0.756095 0.853660 0.075610 0.086180
