3 0.130895 0.128860 0.100810 0.109760
23 0.373985 0.128865 0.110570 0.108130
27 0.548370 0.046340 0.104880 0.079680
1 0.621955 0.129270 0.094310 0.108940
18 0.864230 0.129675 0.092680 0.113010
26 0.058945 0.290650 0.103250 0.080480
14 0.127640 0.374795 0.107320 0.112190
4 0.378050 0.373980 0.082920 0.108940
7 0.619515 0.373980 0.100810 0.108940
20 0.864635 0.375200 0.096750 0.111380
26 0.057725 0.536175 0.104070 0.080490
6 0.128050 0.619915 0.100000 0.113010
19 0.373980 0.619105 0.092680 0.109750
21 0.619515 0.618700 0.105690 0.107320
26 0.793090 0.535770 0.104880 0.079680
4 0.868295 0.619510 0.082930 0.108940
14 0.128455 0.865040 0.107310 0.113820
17 0.376015 0.863825 0.096750 0.108130
8 0.619515 0.864635 0.029270 0.108130
11 0.869105 0.864230 0.081310 0.108940
