30 0.806910 0.067075 0.066660 0.069110
22 0.210160 0.275200 0.113820 0.083740
17 0.398780 0.275610 0.073180 0.084560
19 0.585770 0.275200 0.069920 0.083740
8 0.773575 0.275610 0.022770 0.084560
11 0.213820 0.463820 0.062600 0.083740
4 0.400815 0.463820 0.064230 0.085360
14 0.585370 0.465040 0.083740 0.087800
13 0.773575 0.464225 0.078050 0.084550
13 0.210570 0.652440 0.078860 0.083740
20 0.398375 0.652435 0.075610 0.086990
12 0.585775 0.651630 0.100810 0.083740
18 0.773170 0.652845 0.070740 0.087810
21 0.211385 0.841060 0.080490 0.083740
21 0.397965 0.841060 0.079670 0.083740
4 0.588615 0.840650 0.064230 0.084560
15 0.774800 0.840245 0.072360 0.085370
