30 0.788215 0.084555 0.061790 0.063410
1 0.227640 0.284550 0.067480 0.081300
26 0.351625 0.223580 0.074790 0.060160
17 0.404470 0.284555 0.068300 0.079670
4 0.582520 0.284960 0.060160 0.080480
27 0.705285 0.223170 0.074790 0.057720
19 0.756505 0.284555 0.066670 0.079670
22 0.226015 0.466260 0.106510 0.081300
8 0.402845 0.466670 0.021130 0.081300
11 0.582925 0.466260 0.059350 0.080480
15 0.757720 0.466260 0.067480 0.080480
19 0.226425 0.647550 0.066670 0.080500
0 0.402855 0.647155 0.079690 0.079670
13 0.580490 0.647560 0.072360 0.080480
14 0.755695 0.648370 0.078050 0.083740
26 0.174390 0.766665 0.073180 0.058530
19 0.226015 0.828865 0.065850 0.080490
12 0.403250 0.828865 0.093500 0.080490
26 0.528045 0.767480 0.073170 0.058540
10 0.582120 0.828860 0.065840 0.080480
11 0.759755 0.828865 0.058530 0.080490
