17 0.126335 0.127310 0.099130 0.111760
4 0.377550 0.127795 0.086500 0.112730
14 0.622450 0.127795 0.109820 0.114670
0 0.871715 0.127310 0.112730 0.111760
18 0.124390 0.376580 0.095240 0.116620
14 0.372980 0.376385 0.111760 0.116610
7 0.622935 0.375605 0.103010 0.112730
18 0.870750 0.377065 0.095240 0.115650
4 0.128765 0.623420 0.086490 0.112740
4 0.377065 0.622930 0.087470 0.111760
25 0.622740 0.624195 0.100100 0.112730
22 0.870745 0.623910 0.153550 0.111760
22 0.123905 0.871720 0.152570 0.111760
2 0.375125 0.872205 0.091350 0.116610
14 0.621965 0.872690 0.110790 0.115640
24 0.871720 0.871720 0.101060 0.111760
