4 0.137800 0.134145 0.083740 0.108950
14 0.378050 0.134555 0.108940 0.113010
12 0.623580 0.133740 0.130080 0.109760
19 0.867480 0.134145 0.092680 0.108950
18 0.134145 0.378455 0.092690 0.113010
11 0.383335 0.377640 0.082110 0.109760
22 0.622765 0.377640 0.147970 0.109760
8 0.868295 0.377645 0.030890 0.108130
7 0.134550 0.621545 0.100000 0.108130
14 0.378050 0.622355 0.108940 0.113010
17 0.624800 0.621545 0.095120 0.108130
4 0.871545 0.621545 0.082930 0.108130
8 0.134550 0.865040 0.030080 0.108940
3 0.380490 0.864635 0.102440 0.109750
0 0.623170 0.865040 0.111380 0.108940
18 0.867070 0.865850 0.093500 0.113820
