30 0.808535 0.056095 0.066670 0.068290
16 0.201625 0.269510 0.130890 0.078860
20 0.392685 0.269920 0.075610 0.087800
13 0.584145 0.269515 0.079670 0.086990
8 0.774390 0.269510 0.022760 0.085360
0 0.202030 0.461790 0.086180 0.086180
26 0.337395 0.396340 0.080490 0.062600
21 0.393090 0.461790 0.081300 0.086180
19 0.583740 0.461380 0.072360 0.085360
20 0.774390 0.462195 0.076420 0.088610
19 0.202035 0.654065 0.073170 0.085370
27 0.336990 0.589430 0.081300 0.063420
18 0.392680 0.654475 0.072360 0.089430
4 0.586585 0.654470 0.065050 0.086180
10 0.776825 0.654065 0.073170 0.085370
17 0.203660 0.846340 0.076420 0.086180
4 0.395935 0.845935 0.064230 0.085370
26 0.528050 0.781300 0.079680 0.063420
23 0.582925 0.846340 0.086990 0.086180
4 0.776830 0.846745 0.065040 0.086990
26 0.527645 0.396750 0.080490 0.062600
