30 0.804875 0.075610 0.064230 0.065040
29 0.162195 0.216665 0.078050 0.060970
12 0.216670 0.280080 0.097560 0.082120
3 0.403255 0.280490 0.075610 0.081300
11 0.590650 0.280485 0.063420 0.082930
4 0.774390 0.279675 0.065040 0.082930
13 0.216260 0.464635 0.077240 0.082110
0 0.401220 0.464635 0.084560 0.082110
13 0.586990 0.465040 0.077240 0.081300
28 0.717070 0.401625 0.078860 0.060170
8 0.771950 0.464225 0.022760 0.082930
12 0.217075 0.648375 0.098370 0.082110
25 0.402035 0.648780 0.073170 0.082920
28 0.532925 0.585365 0.079670 0.061790
0 0.586990 0.648375 0.083740 0.082110
18 0.771545 0.649185 0.070730 0.085370
19 0.216670 0.832925 0.069920 0.082110
28 0.347970 0.771135 0.078860 0.059350
4 0.404470 0.833335 0.063420 0.082930
14 0.586180 0.834150 0.082120 0.086180
17 0.773170 0.832930 0.073980 0.083740
