8 0.136180 0.133735 0.028460 0.108130
27 0.308940 0.050810 0.102440 0.078860
4 0.382520 0.133330 0.082120 0.108940
19 0.621140 0.133750 0.091060 0.108100
17 0.865040 0.133330 0.095940 0.107320
0 0.137400 0.375205 0.112200 0.108130
18 0.378455 0.376420 0.091870 0.113820
17 0.622355 0.375610 0.096750 0.108940
26 0.793090 0.293495 0.103260 0.079670
0 0.864225 0.376015 0.110570 0.108130
26 0.065445 0.535365 0.101630 0.080490
7 0.136585 0.617475 0.099190 0.108130
0 0.378455 0.617475 0.109750 0.108130
7 0.621135 0.617475 0.099190 0.108130
26 0.792680 0.535365 0.102440 0.078870
18 0.862600 0.618295 0.092680 0.113010
11 0.141055 0.860160 0.080490 0.108940
25 0.378860 0.860160 0.095940 0.108940
4 0.624390 0.859755 0.084560 0.108130
12 0.862600 0.859350 0.128460 0.107320
