30 0.783740 0.078860 0.060980 0.066660
28 0.188210 0.217885 0.071540 0.060170
11 0.241865 0.280080 0.056910 0.080480
2 0.410975 0.280890 0.060170 0.083740
0 0.581300 0.279670 0.077240 0.081300
0 0.753255 0.280080 0.078050 0.080480
4 0.241055 0.462600 0.058530 0.081300
18 0.409755 0.463415 0.064230 0.084550
29 0.530895 0.400810 0.073990 0.060160
24 0.582520 0.462600 0.068300 0.081300
4 0.755710 0.463010 0.058580 0.081300
19 0.238210 0.645125 0.064220 0.080490
14 0.409350 0.645525 0.074800 0.084550
13 0.582115 0.645125 0.070730 0.080490
14 0.752845 0.646340 0.075610 0.084560
22 0.238215 0.828050 0.103250 0.082120
28 0.360565 0.765045 0.073170 0.059350
4 0.413010 0.827640 0.057720 0.081300
28 0.532115 0.765040 0.073170 0.058540
19 0.581300 0.827640 0.064220 0.081300
7 0.753255 0.827640 0.068290 0.079680
