18 0.129270 0.130080 0.093500 0.113820
4 0.379265 0.129270 0.082930 0.108940
14 0.620730 0.130080 0.107320 0.113820
7 0.867480 0.129270 0.098380 0.108940
3 0.131300 0.375610 0.100820 0.108940
0 0.376015 0.375610 0.112190 0.108940
21 0.621545 0.375205 0.105690 0.108130
6 0.865850 0.375610 0.100000 0.113820
8 0.129675 0.620735 0.027650 0.108130
4 0.379265 0.621545 0.082930 0.108130
4 0.624795 0.621140 0.082930 0.108940
12 0.867480 0.620735 0.130900 0.108130
17 0.132110 0.866665 0.097560 0.107310
17 0.377235 0.866665 0.096750 0.108950
18 0.620730 0.867480 0.092680 0.113820
12 0.867480 0.866255 0.129260 0.108130
