30 0.784960 0.067480 0.065040 0.068300
4 0.201220 0.277235 0.063420 0.084550
29 0.328860 0.212195 0.079680 0.063410
11 0.386585 0.277640 0.061790 0.083740
28 0.513820 0.211790 0.078860 0.062600
14 0.567075 0.278045 0.082930 0.089430
3 0.754065 0.277235 0.076430 0.084550
21 0.198370 0.467075 0.078860 0.085370
19 0.382520 0.467480 0.069920 0.084560
7 0.567885 0.466665 0.074790 0.084550
18 0.752035 0.467885 0.070730 0.088610
20 0.198375 0.656910 0.073990 0.087800
15 0.384145 0.656095 0.071550 0.084550
28 0.513820 0.592280 0.078860 0.062600
13 0.567885 0.656505 0.076430 0.085370
4 0.754880 0.656910 0.063420 0.086180
9 0.195935 0.846745 0.052850 0.086990
28 0.328860 0.782925 0.079680 0.061790
8 0.382520 0.845935 0.022760 0.085370
17 0.568290 0.845935 0.073980 0.085370
20 0.752435 0.846745 0.073170 0.086990
