30 0.798780 0.076425 0.065040 0.066670
20 0.216665 0.280890 0.071550 0.083740
21 0.399190 0.281325 0.078860 0.081250
26 0.528860 0.217885 0.076420 0.060170
4 0.585365 0.280895 0.060970 0.082110
3 0.767070 0.280895 0.074800 0.082110
11 0.219920 0.465850 0.060160 0.081300
27 0.345530 0.402030 0.078860 0.060980
21 0.400000 0.465445 0.077240 0.080490
19 0.582520 0.465445 0.068300 0.082110
11 0.769105 0.465445 0.060970 0.082110
26 0.163415 0.587400 0.077230 0.060980
0 0.216665 0.650000 0.082930 0.082120
8 0.399595 0.650000 0.022770 0.082120
0 0.582520 0.650405 0.082920 0.082930
4 0.768290 0.650405 0.062600 0.082930
10 0.219515 0.834555 0.070730 0.082110
14 0.398780 0.835775 0.081300 0.084550
13 0.582925 0.834960 0.075610 0.082920
26 0.712600 0.771955 0.076420 0.061790
24 0.766665 0.834555 0.073990 0.082110
