24 0.122355 0.125205 0.103250 0.112190
8 0.371540 0.124800 0.032520 0.111380
22 0.621140 0.124390 0.151220 0.112200
7 0.871135 0.124800 0.103250 0.111380
11 0.126830 0.373985 0.084560 0.112190
12 0.371950 0.373985 0.134140 0.112190
17 0.622760 0.373985 0.097560 0.112190
4 0.874390 0.373575 0.087000 0.113010
21 0.121950 0.622765 0.107320 0.112190
0 0.371540 0.622360 0.113820 0.109760
15 0.623580 0.622765 0.097560 0.112190
0 0.871545 0.622360 0.113010 0.111380
1 0.124390 0.871140 0.096740 0.111380
13 0.372355 0.871140 0.103250 0.111380
5 0.625205 0.871135 0.085370 0.113010
18 0.870730 0.872360 0.095120 0.113820
