30 0.793495 0.067480 0.064230 0.068300
27 0.156910 0.212195 0.077240 0.061790
18 0.209755 0.277640 0.069110 0.088620
13 0.394305 0.276425 0.075610 0.084550
4 0.580080 0.276425 0.063420 0.084550
26 0.707725 0.211385 0.078050 0.061790
0 0.760570 0.276830 0.082920 0.083740
13 0.210160 0.466260 0.074800 0.085360
14 0.392685 0.466260 0.080490 0.087000
24 0.577235 0.465855 0.073990 0.084550
17 0.761790 0.465855 0.072360 0.084550
17 0.211380 0.654875 0.072360 0.085370
14 0.393070 0.655690 0.081260 0.088620
26 0.523575 0.590650 0.077230 0.060980
3 0.578865 0.655690 0.075610 0.083740
3 0.761785 0.655285 0.075610 0.084550
26 0.156915 0.779675 0.075610 0.061790
12 0.210565 0.844310 0.096750 0.085360
0 0.393500 0.844310 0.083740 0.085360
4 0.579675 0.844715 0.062610 0.084550
19 0.760570 0.844310 0.069920 0.085360
