30 0.784550 0.088210 0.062600 0.065860
11 0.210975 0.286990 0.060170 0.079680
28 0.336995 0.226425 0.078050 0.059350
6 0.388620 0.287400 0.073980 0.083740
19 0.570730 0.286990 0.067480 0.079680
28 0.698780 0.225605 0.078040 0.059350
8 0.752440 0.287395 0.021140 0.080490
17 0.209350 0.467480 0.069920 0.079680
4 0.392275 0.467885 0.061790 0.080490
18 0.570325 0.468295 0.068290 0.084550
18 0.752035 0.468700 0.069110 0.083740
0 0.208130 0.647560 0.082120 0.080480
19 0.389835 0.647560 0.068290 0.080480
13 0.571140 0.647965 0.074800 0.079670
3 0.753660 0.647965 0.073980 0.079670
8 0.208130 0.828045 0.021960 0.080490
28 0.336585 0.766260 0.077230 0.057720
22 0.389025 0.828045 0.108950 0.080490
7 0.571135 0.827640 0.073170 0.079680
29 0.699185 0.766665 0.077230 0.058530
8 0.752440 0.828050 0.021140 0.078860
