22 0.128455 0.131710 0.149590 0.108940
11 0.378860 0.131305 0.082920 0.108130
29 0.548780 0.049185 0.105700 0.080490
11 0.623985 0.130485 0.082110 0.108130
18 0.863820 0.132520 0.093500 0.112200
28 0.057720 0.293090 0.102440 0.080480
4 0.133335 0.375205 0.082930 0.108130
12 0.374390 0.375610 0.130900 0.108940
20 0.619510 0.376425 0.097560 0.110570
14 0.864230 0.376825 0.107320 0.113010
28 0.058130 0.537400 0.104880 0.081300
7 0.129265 0.619510 0.100810 0.108940
24 0.374800 0.620325 0.102440 0.108950
28 0.548375 0.537400 0.103250 0.079680
19 0.620325 0.620325 0.091050 0.108950
13 0.864635 0.620325 0.101630 0.107310
4 0.132520 0.864635 0.082920 0.108130
15 0.376425 0.863825 0.094310 0.108130
19 0.619510 0.864635 0.092680 0.109750
14 0.864230 0.865445 0.108940 0.113010
