5 0.133350 0.133330 0.083700 0.107320
18 0.375200 0.134555 0.092680 0.113010
17 0.623575 0.134145 0.096750 0.107310
8 0.867070 0.134145 0.027640 0.107310
4 0.133330 0.377645 0.083740 0.108130
29 0.304475 0.294715 0.105690 0.080490
20 0.375610 0.378865 0.096740 0.110570
8 0.621545 0.378050 0.029270 0.107320
28 0.795525 0.294715 0.105690 0.080490
13 0.867075 0.378050 0.100810 0.107320
4 0.133740 0.621140 0.082920 0.108940
28 0.304065 0.539020 0.106510 0.081300
8 0.375610 0.621545 0.030080 0.108130
14 0.620730 0.622355 0.108940 0.113010
22 0.866670 0.621140 0.148780 0.107320
1 0.131300 0.865445 0.094300 0.108130
18 0.375200 0.866260 0.092680 0.113000
17 0.623170 0.865040 0.097560 0.107320
28 0.795935 0.782110 0.104870 0.081300
17 0.870325 0.865040 0.097570 0.107320
