0 0.129675 0.133735 0.112190 0.108130
19 0.377235 0.133735 0.091870 0.108130
26 0.551625 0.050405 0.104070 0.079670
22 0.622360 0.134145 0.151220 0.108950
4 0.873575 0.133330 0.082930 0.107320
18 0.129675 0.378050 0.092690 0.113820
26 0.304475 0.293900 0.105690 0.078860
4 0.380080 0.377645 0.084560 0.108130
0 0.623985 0.377645 0.112190 0.108130
25 0.870325 0.377235 0.095930 0.108950
17 0.131300 0.621140 0.095940 0.107320
8 0.376420 0.621545 0.028460 0.108130
21 0.623575 0.621545 0.106510 0.108130
27 0.797965 0.539025 0.105690 0.079670
17 0.873170 0.621140 0.098380 0.107320
8 0.130080 0.865040 0.030080 0.109760
26 0.304880 0.781710 0.104880 0.078860
26 0.378050 0.865445 0.101620 0.108130
14 0.622765 0.866260 0.108130 0.113000
24 0.869900 0.865050 0.100000 0.107300
