19 0.130085 0.132115 0.091870 0.109750
26 0.303655 0.048375 0.105690 0.080490
17 0.377235 0.132115 0.095130 0.108130
27 0.550000 0.047560 0.104060 0.080480
14 0.621135 0.132520 0.108130 0.113820
20 0.867070 0.132520 0.097560 0.112200
15 0.132520 0.377235 0.095120 0.108950
4 0.379670 0.377235 0.083740 0.108950
16 0.619920 0.377640 0.167480 0.100000
0 0.867075 0.377235 0.112190 0.108950
22 0.129270 0.622355 0.148780 0.108130
3 0.377235 0.621545 0.101630 0.108130
4 0.624795 0.622360 0.084550 0.109760
26 0.795935 0.538210 0.103250 0.079680
7 0.867480 0.621960 0.100000 0.108920
26 0.057725 0.783740 0.103250 0.078040
14 0.128455 0.867885 0.108130 0.113010
1 0.377645 0.867480 0.094310 0.108940
18 0.621545 0.868695 0.092690 0.113010
17 0.869510 0.866665 0.097560 0.108950
