30 0.793900 0.074800 0.063420 0.065040
8 0.230490 0.272765 0.021140 0.080490
19 0.408130 0.272745 0.067480 0.078890
4 0.588210 0.273155 0.060160 0.079710
17 0.764225 0.272765 0.070730 0.080490
5 0.233740 0.452435 0.060160 0.080490
28 0.356505 0.391055 0.074790 0.058530
9 0.405690 0.453250 0.049600 0.081300
19 0.585370 0.452030 0.067480 0.079680
28 0.710975 0.391465 0.074790 0.059350
12 0.762600 0.452440 0.093500 0.078860
4 0.233740 0.631705 0.060160 0.079670
24 0.408155 0.631705 0.072310 0.079670
15 0.586585 0.632115 0.068290 0.080490
13 0.762600 0.632110 0.072360 0.078860
29 0.179675 0.750000 0.073990 0.057720
20 0.231300 0.811790 0.069920 0.083740
21 0.408125 0.811380 0.075610 0.079680
28 0.533740 0.750000 0.074800 0.057720
0 0.584960 0.810955 0.079680 0.079710
13 0.762600 0.810570 0.073980 0.079680
