30 0.787395 0.082930 0.061790 0.065040
20 0.229270 0.284555 0.069100 0.082930
4 0.407315 0.284145 0.059350 0.082110
15 0.582115 0.283740 0.065850 0.081300
4 0.758535 0.284150 0.059350 0.081300
14 0.228455 0.466665 0.077230 0.084550
19 0.404875 0.465850 0.065850 0.081300
8 0.580485 0.466260 0.020330 0.082120
7 0.756080 0.465850 0.070760 0.081300
0 0.228860 0.647970 0.079680 0.081300
22 0.404065 0.648375 0.106510 0.080490
25 0.580485 0.648375 0.069110 0.082110
20 0.756505 0.648780 0.068290 0.082920
3 0.230485 0.830870 0.071550 0.081340
13 0.405285 0.830485 0.071550 0.080490
14 0.579675 0.830490 0.077230 0.083740
3 0.757295 0.830465 0.071590 0.080530
