18 0.134145 0.136585 0.092690 0.112190
28 0.308945 0.053660 0.104070 0.079680
11 0.384550 0.136175 0.081300 0.108130
21 0.625205 0.136585 0.105690 0.107310
18 0.870325 0.137400 0.091870 0.112200
8 0.134955 0.378455 0.029270 0.108130
14 0.379675 0.379265 0.107310 0.113010
28 0.554065 0.295530 0.103250 0.078860
15 0.627235 0.378860 0.093490 0.107320
0 0.870325 0.378860 0.111390 0.107320
2 0.136180 0.621140 0.085360 0.112200
28 0.309350 0.538210 0.104880 0.079680
25 0.380080 0.620730 0.095120 0.106500
19 0.625605 0.620325 0.091870 0.107310
8 0.870735 0.620325 0.029270 0.107310
6 0.134145 0.863820 0.099190 0.111380
4 0.384150 0.863005 0.083740 0.108130
29 0.554470 0.781710 0.104060 0.078860
14 0.624795 0.864225 0.106510 0.110570
4 0.873985 0.863415 0.082930 0.107310
