20 0.129675 0.134550 0.095930 0.109760
23 0.374800 0.134145 0.111380 0.107310
27 0.549590 0.050810 0.104880 0.078860
0 0.620730 0.133735 0.112200 0.108130
4 0.870730 0.133330 0.083740 0.108940
26 0.058130 0.295120 0.104060 0.079680
0 0.130490 0.377645 0.113820 0.108130
18 0.375200 0.378860 0.092680 0.112200
4 0.625610 0.378050 0.082920 0.108940
17 0.868695 0.378050 0.094310 0.107320
19 0.129270 0.621545 0.093500 0.108130
0 0.376020 0.620735 0.113820 0.108130
14 0.620730 0.622765 0.108940 0.112190
7 0.867480 0.621140 0.098380 0.107320
26 0.058130 0.783330 0.104060 0.078860
14 0.128455 0.866260 0.109750 0.112200
24 0.376015 0.865040 0.100810 0.108940
26 0.549595 0.782925 0.103250 0.078050
19 0.621955 0.864635 0.091870 0.108130
13 0.868295 0.865040 0.101630 0.108940
