14 0.128860 0.132925 0.109760 0.113010
18 0.375205 0.133335 0.091870 0.112190
28 0.550405 0.048780 0.105690 0.081300
0 0.621135 0.131710 0.110570 0.108940
4 0.870730 0.131710 0.082920 0.108940
4 0.132930 0.376420 0.083740 0.108940
28 0.303660 0.293500 0.104880 0.081300
7 0.621135 0.376420 0.099190 0.108940
7 0.867480 0.376825 0.099180 0.108130
29 0.058535 0.538615 0.104070 0.080490
17 0.132115 0.621940 0.096750 0.108920
4 0.379270 0.622355 0.085360 0.108130
0 0.621955 0.621545 0.110570 0.108130
13 0.867890 0.622765 0.100000 0.108950
2 0.130485 0.867885 0.086990 0.113010
18 0.374795 0.868290 0.092690 0.113820
19 0.376015 0.376420 0.091870 0.108940
28 0.550000 0.784145 0.104880 0.080490
4 0.625205 0.866255 0.082930 0.108130
8 0.867480 0.867480 0.030900 0.108940
