29 0.060165 0.050815 0.103250 0.080490
17 0.133330 0.133735 0.095120 0.108130
8 0.376015 0.134145 0.029270 0.108950
19 0.621135 0.134145 0.091870 0.107310
28 0.793900 0.051625 0.104060 0.080490
13 0.865445 0.133735 0.100810 0.108130
4 0.135775 0.378455 0.082110 0.108130
13 0.376420 0.377645 0.100000 0.108130
3 0.622355 0.377235 0.100810 0.107310
4 0.869105 0.377645 0.082110 0.108130
0 0.132520 0.621140 0.111380 0.107320
3 0.377645 0.621950 0.099190 0.107320
28 0.550000 0.538615 0.105700 0.080490
5 0.624795 0.621140 0.082930 0.107320
0 0.865040 0.621140 0.109760 0.107320
14 0.130895 0.865855 0.108130 0.112190
28 0.305690 0.782115 0.104880 0.078050
1 0.378455 0.864635 0.094310 0.108130
8 0.621140 0.865445 0.028460 0.108130
20 0.865040 0.865855 0.095120 0.110570
