30 0.803250 0.072765 0.065860 0.065850
3 0.217480 0.279270 0.076420 0.083740
19 0.400815 0.279270 0.069110 0.083740
4 0.588620 0.278455 0.062600 0.083730
5 0.772765 0.278455 0.063410 0.083730
15 0.217480 0.465040 0.071540 0.082920
28 0.347560 0.401625 0.079680 0.061790
8 0.400810 0.465445 0.023580 0.085370
28 0.531710 0.402020 0.078860 0.060960
12 0.585775 0.465450 0.099190 0.083740
22 0.769510 0.465040 0.112200 0.082920
29 0.163005 0.588210 0.078050 0.060980
18 0.215855 0.652030 0.071550 0.087800
14 0.400405 0.652435 0.082930 0.086990
11 0.589025 0.650815 0.063410 0.082110
13 0.770325 0.651630 0.078050 0.083740
7 0.216260 0.837380 0.075600 0.082960
19 0.400815 0.837395 0.069110 0.082930
28 0.531300 0.775205 0.078040 0.060970
1 0.587400 0.837800 0.071540 0.083740
0 0.770730 0.838210 0.083740 0.082920
