30 0.783740 0.096340 0.062600 0.065860
4 0.224800 0.295120 0.060160 0.081300
4 0.401220 0.295120 0.060160 0.081300
17 0.577235 0.295120 0.070730 0.081300
19 0.752440 0.295120 0.066660 0.079680
15 0.223580 0.476015 0.067480 0.080490
2 0.399595 0.476425 0.061790 0.084550
0 0.575610 0.476425 0.080480 0.079670
4 0.754880 0.476420 0.060160 0.081300
8 0.221935 0.656910 0.021930 0.081300
6 0.397560 0.657725 0.072360 0.084550
18 0.575205 0.657725 0.066670 0.082930
7 0.752035 0.657315 0.070730 0.080490
10 0.224390 0.838210 0.067480 0.081300
19 0.398780 0.837805 0.066660 0.080490
1 0.576830 0.838210 0.068300 0.081300
8 0.752440 0.838210 0.021140 0.081300
