30 0.816260 0.067075 0.067480 0.069110
27 0.150405 0.211385 0.082110 0.061790
14 0.205285 0.276420 0.084550 0.087800
7 0.398780 0.275610 0.078040 0.084560
6 0.589430 0.276825 0.077240 0.086990
26 0.726015 0.211790 0.082110 0.062600
13 0.782520 0.276425 0.081300 0.084550
8 0.206100 0.465040 0.022760 0.084560
24 0.398375 0.465040 0.077230 0.086180
0 0.590240 0.465040 0.088620 0.084560
1 0.783740 0.465445 0.073980 0.085370
26 0.149595 0.589835 0.080490 0.060970
4 0.209350 0.653655 0.066660 0.084550
15 0.400000 0.653255 0.073980 0.084550
18 0.589835 0.654880 0.073170 0.088620
26 0.726830 0.588615 0.082120 0.061790
22 0.781705 0.654065 0.117070 0.085370
19 0.205690 0.842275 0.072360 0.084550
19 0.397990 0.843085 0.073220 0.084570
14 0.589430 0.843900 0.087000 0.087800
21 0.782115 0.842685 0.082110 0.085370
