4 0.130895 0.123980 0.085370 0.111380
5 0.378860 0.124390 0.085360 0.110560
14 0.621545 0.125205 0.108950 0.115450
20 0.869105 0.124795 0.098370 0.114630
25 0.127235 0.371140 0.097570 0.111380
17 0.376425 0.371140 0.098370 0.111380
19 0.622355 0.371545 0.094310 0.112190
23 0.868700 0.371545 0.112200 0.110570
20 0.127235 0.618700 0.099190 0.113820
19 0.374390 0.618700 0.094300 0.112200
0 0.622360 0.618695 0.113820 0.110570
18 0.869510 0.618700 0.095940 0.115440
16 0.126020 0.867075 0.169920 0.103250
17 0.376830 0.865855 0.099180 0.110570
1 0.624795 0.865450 0.095930 0.111380
3 0.871140 0.865450 0.102440 0.111380
