23 0.132115 0.136990 0.113010 0.109760
22 0.376425 0.137400 0.149590 0.108940
14 0.621950 0.137805 0.108940 0.113010
18 0.867070 0.137805 0.093500 0.113010
4 0.135775 0.380490 0.084550 0.108940
7 0.378045 0.380490 0.099190 0.108940
0 0.623170 0.380490 0.111380 0.108940
13 0.868290 0.380895 0.102440 0.109750
20 0.132520 0.625205 0.097560 0.112190
4 0.380895 0.624390 0.085370 0.108940
4 0.625610 0.623985 0.083740 0.108130
19 0.868250 0.624800 0.092700 0.108200
20 0.131705 0.869105 0.095930 0.110570
15 0.380080 0.867885 0.093500 0.108130
17 0.624390 0.867885 0.097560 0.108130
21 0.867480 0.868290 0.104060 0.107320
