24 0.130080 0.131305 0.100820 0.108130
26 0.302030 0.048370 0.104880 0.078860
14 0.373170 0.131705 0.107320 0.112190
14 0.616665 0.131705 0.108130 0.112190
4 0.865445 0.130895 0.082110 0.108950
14 0.127640 0.376015 0.107320 0.113010
4 0.376425 0.374795 0.082930 0.107310
19 0.617475 0.374385 0.091870 0.108130
26 0.791060 0.292275 0.102440 0.080490
25 0.862195 0.374795 0.095130 0.107310
14 0.128455 0.619105 0.107310 0.113010
13 0.373170 0.618700 0.100820 0.107320
26 0.546750 0.535770 0.104880 0.081300
18 0.617070 0.618295 0.092680 0.113010
9 0.858130 0.619510 0.069100 0.112200
11 0.134145 0.862195 0.082110 0.106510
27 0.302030 0.779270 0.104060 0.077240
4 0.377645 0.861785 0.082930 0.108130
8 0.617885 0.861790 0.028450 0.107320
23 0.862195 0.861790 0.110570 0.107320
