1 0.133335 0.136990 0.094310 0.109760
0 0.376015 0.136990 0.111390 0.109760
4 0.624390 0.136990 0.084560 0.109760
10 0.869510 0.136990 0.095120 0.109760
13 0.131710 0.380895 0.102440 0.109750
19 0.376425 0.380085 0.094310 0.108130
8 0.621140 0.380895 0.030900 0.109750
18 0.865040 0.382110 0.092680 0.113820
8 0.131705 0.624795 0.030890 0.108130
4 0.379675 0.624795 0.084550 0.108130
17 0.622355 0.623985 0.096750 0.108130
4 0.867890 0.624390 0.083740 0.108940
22 0.130895 0.867480 0.147970 0.108940
6 0.375610 0.868290 0.099180 0.113820
19 0.620730 0.868290 0.093500 0.108940
19 0.865850 0.867885 0.092680 0.109750
