30 0.790245 0.077235 0.064230 0.063410
26 0.159755 0.214635 0.076430 0.058530
11 0.217075 0.276020 0.060970 0.078860
0 0.394715 0.275205 0.082930 0.080490
4 0.579675 0.275610 0.064230 0.081300
14 0.757725 0.276830 0.080490 0.082120
17 0.213820 0.454875 0.072360 0.080490
8 0.394715 0.455690 0.022770 0.080480
27 0.523170 0.394310 0.078040 0.060160
18 0.576425 0.456500 0.070730 0.083740
7 0.758535 0.455690 0.075610 0.080480
18 0.212600 0.635775 0.069920 0.084550
19 0.394715 0.635365 0.068290 0.080490
13 0.576425 0.634960 0.075610 0.079680
4 0.761385 0.635365 0.061790 0.080490
8 0.213005 0.815445 0.021950 0.079670
26 0.341870 0.754470 0.078040 0.058540
0 0.394310 0.815040 0.083740 0.080480
5 0.579675 0.814635 0.062610 0.079670
26 0.705690 0.754065 0.077240 0.056090
18 0.758130 0.816260 0.069920 0.084560
