30 0.797150 0.073170 0.065040 0.065040
24 0.219915 0.273575 0.073170 0.080490
12 0.401625 0.273980 0.096750 0.081300
18 0.582925 0.274795 0.069110 0.084550
26 0.711380 0.211785 0.077240 0.059350
0 0.764635 0.273170 0.082930 0.081300
27 0.167070 0.393090 0.076420 0.060980
4 0.222355 0.455690 0.063410 0.080480
22 0.400810 0.455280 0.109760 0.081300
8 0.583335 0.455285 0.022770 0.079670
0 0.765040 0.454875 0.082120 0.080490
14 0.218695 0.636995 0.080490 0.084550
26 0.347970 0.574390 0.077240 0.060980
11 0.404475 0.636585 0.061790 0.081310
22 0.582925 0.636175 0.109750 0.080490
5 0.767885 0.636585 0.061790 0.081310
18 0.219105 0.819110 0.069910 0.083740
14 0.400815 0.818700 0.080490 0.084560
8 0.583335 0.817890 0.022770 0.081300
26 0.712195 0.756505 0.075610 0.057730
19 0.765450 0.817890 0.069920 0.081300
