9 0.130895 0.132930 0.068290 0.111380
18 0.377645 0.132520 0.091870 0.113820
18 0.620735 0.131300 0.091870 0.113000
16 0.863820 0.132520 0.166660 0.099180
4 0.137395 0.376015 0.082930 0.109750
8 0.378045 0.376015 0.029270 0.108130
4 0.625205 0.376015 0.082930 0.108130
19 0.865040 0.376420 0.091060 0.108940
17 0.135770 0.620325 0.095940 0.107310
0 0.378455 0.620325 0.109750 0.108950
19 0.621950 0.619915 0.091060 0.108130
0 0.868295 0.620325 0.099190 0.108950
24 0.134145 0.864635 0.099190 0.108130
20 0.378050 0.865040 0.097560 0.110560
21 0.621950 0.864635 0.104060 0.108130
14 0.865040 0.865450 0.107320 0.111380
