30 0.784145 0.084960 0.063410 0.065860
4 0.215855 0.286180 0.063410 0.082920
4 0.395120 0.285775 0.062600 0.082110
27 0.519920 0.223985 0.076420 0.059350
1 0.574390 0.286180 0.068300 0.079680
4 0.754875 0.286180 0.061790 0.081300
26 0.160165 0.405690 0.075610 0.058540
11 0.216260 0.468695 0.059340 0.080490
11 0.395530 0.468290 0.060160 0.081300
12 0.572360 0.467885 0.095120 0.080490
7 0.752435 0.468290 0.073170 0.081300
26 0.160165 0.588620 0.075610 0.060160
17 0.214230 0.650000 0.069920 0.080480
14 0.391870 0.650815 0.080480 0.085370
12 0.571950 0.650000 0.095940 0.080480
26 0.700000 0.588210 0.073980 0.060980
24 0.753255 0.650410 0.073170 0.081300
18 0.212600 0.832930 0.068300 0.083740
0 0.392685 0.832520 0.080490 0.082920
14 0.571950 0.833330 0.081300 0.086180
19 0.752440 0.832115 0.068300 0.080490
