30 0.793495 0.076425 0.064230 0.066670
14 0.210975 0.277640 0.081310 0.085360
18 0.394715 0.276830 0.071550 0.084560
8 0.578045 0.276830 0.021950 0.082120
22 0.760565 0.276420 0.110570 0.081300
7 0.212600 0.458540 0.074800 0.081300
15 0.396745 0.458540 0.070730 0.081300
23 0.576830 0.458540 0.082920 0.081300
8 0.761380 0.458540 0.022760 0.081300
14 0.210975 0.641055 0.081310 0.085370
13 0.395125 0.640245 0.075610 0.082110
4 0.580490 0.639840 0.062600 0.081300
25 0.761385 0.640245 0.073170 0.080490
17 0.213010 0.821950 0.072360 0.081300
10 0.397965 0.821545 0.071550 0.080490
3 0.579270 0.822355 0.074800 0.082110
8 0.761785 0.821950 0.021950 0.081300
