7 0.130970 0.127240 0.101560 0.112060
19 0.377860 0.127820 0.093380 0.110900
8 0.625335 0.127235 0.030350 0.109730
11 0.877550 0.127310 0.081640 0.109820
4 0.134110 0.375120 0.083580 0.111760
4 0.381435 0.375120 0.084550 0.111760
5 0.629740 0.375120 0.083580 0.111760
0 0.872205 0.375605 0.111750 0.110790
17 0.132655 0.623910 0.098150 0.111760
0 0.378035 0.622935 0.110790 0.109810
12 0.624875 0.622935 0.132170 0.109810
19 0.872690 0.623420 0.093300 0.110780
22 0.128765 0.871720 0.150630 0.109820
7 0.378520 0.871720 0.100100 0.109820
8 0.625365 0.871720 0.030130 0.109820
18 0.871720 0.872205 0.093300 0.114670
