16 0.134960 0.134960 0.165860 0.099180
28 0.308535 0.051625 0.103250 0.078870
7 0.379265 0.134145 0.098370 0.107310
7 0.620730 0.134555 0.098380 0.108130
20 0.863005 0.134550 0.096750 0.111380
18 0.135770 0.378455 0.091060 0.113010
4 0.382115 0.378050 0.082930 0.108940
10 0.624795 0.378455 0.091870 0.108130
28 0.793090 0.293905 0.103260 0.080490
19 0.863825 0.378050 0.091870 0.108940
14 0.135365 0.622765 0.108130 0.112190
4 0.382115 0.621140 0.082930 0.108940
13 0.621135 0.621140 0.100810 0.107320
29 0.792680 0.539430 0.102440 0.080480
18 0.863010 0.621545 0.093500 0.113010
4 0.139835 0.865040 0.082930 0.108940
28 0.308945 0.781300 0.104070 0.079680
19 0.379675 0.865040 0.091050 0.108940
14 0.620325 0.865855 0.107310 0.112190
24 0.863415 0.865040 0.099190 0.108940
