11 0.133365 0.134145 0.082930 0.109270
17 0.375320 0.133660 0.098540 0.110240
4 0.622635 0.134635 0.083910 0.110250
18 0.864100 0.135610 0.092680 0.114140
16 0.127510 0.379515 0.168780 0.100490
0 0.373750 0.378760 0.110220 0.108220
21 0.620325 0.378860 0.105690 0.108940
6 0.863415 0.380080 0.099190 0.114640
6 0.863415 0.379265 0.100810 0.113010
7 0.129265 0.623580 0.100810 0.108940
19 0.373980 0.622765 0.092680 0.108950
13 0.619515 0.623580 0.100810 0.108940
4 0.868295 0.623170 0.084550 0.109760
14 0.128050 0.868290 0.109760 0.113820
21 0.374390 0.867885 0.104880 0.108130
19 0.619510 0.867070 0.092680 0.109760
24 0.864630 0.867480 0.100000 0.108940
