30 0.787805 0.062600 0.065850 0.066660
14 0.189430 0.272355 0.083740 0.087810
25 0.378860 0.271545 0.073980 0.084550
0 0.565855 0.271140 0.085370 0.083740
28 0.700000 0.207315 0.078860 0.061790
22 0.753660 0.271140 0.114640 0.083740
28 0.135770 0.395935 0.078860 0.061790
23 0.190240 0.460165 0.083740 0.084550
11 0.382115 0.460570 0.064230 0.085360
4 0.569510 0.460570 0.065040 0.085360
0 0.754470 0.460160 0.085360 0.086180
0 0.190245 0.648780 0.085370 0.084560
13 0.378860 0.649185 0.078860 0.085370
29 0.512195 0.584550 0.080490 0.065040
14 0.566260 0.650000 0.082920 0.088620
16 0.753655 0.649190 0.129270 0.078860
28 0.135365 0.773985 0.079670 0.061790
12 0.191060 0.836990 0.100000 0.085360
19 0.378850 0.837795 0.070700 0.085390
22 0.565855 0.837800 0.114630 0.083740
7 0.754880 0.837805 0.076420 0.085370
