24 0.134550 0.139025 0.100000 0.107310
10 0.382520 0.139435 0.095120 0.108130
7 0.621950 0.139025 0.099180 0.107310
18 0.864635 0.139835 0.093490 0.112190
14 0.133330 0.382115 0.108940 0.112190
17 0.380080 0.381300 0.098380 0.108940
0 0.621955 0.381300 0.110570 0.108940
2 0.865855 0.382115 0.087810 0.112190
4 0.138210 0.623580 0.084560 0.108940
18 0.377235 0.624390 0.092690 0.113820
8 0.621950 0.623580 0.030900 0.108940
21 0.865445 0.623580 0.106510 0.108940
18 0.133740 0.866665 0.093500 0.112190
13 0.378045 0.865850 0.100810 0.108940
4 0.625610 0.865445 0.083740 0.109750
19 0.865850 0.865445 0.092680 0.109750
