28 0.061380 0.051220 0.104060 0.079680
6 0.130485 0.134960 0.099190 0.113820
0 0.376420 0.133735 0.109760 0.108130
14 0.619920 0.134960 0.107320 0.113820
20 0.865040 0.134550 0.096740 0.112200
8 0.131710 0.378455 0.030080 0.109750
5 0.380080 0.377645 0.082920 0.108130
3 0.622760 0.377645 0.100000 0.108130
29 0.794715 0.294310 0.104070 0.081300
0 0.865855 0.377645 0.113010 0.108130
4 0.135770 0.621140 0.083740 0.108940
13 0.376015 0.621140 0.100810 0.107320
4 0.624795 0.621140 0.082930 0.108940
3 0.866670 0.621140 0.100000 0.107320
19 0.131710 0.864650 0.090240 0.108100
28 0.304875 0.783330 0.103250 0.078860
28 0.549185 0.783740 0.104070 0.079680
21 0.375610 0.865040 0.104880 0.107320
19 0.620730 0.865040 0.091060 0.107320
8 0.865445 0.864635 0.029270 0.108950
