18 0.125610 0.130080 0.093500 0.113820
26 0.301220 0.045530 0.104880 0.079680
4 0.376425 0.129675 0.082930 0.109750
6 0.617480 0.130485 0.100000 0.113010
13 0.864230 0.129270 0.102440 0.108940
7 0.126015 0.375200 0.099190 0.109760
0 0.372760 0.375205 0.111380 0.108130
27 0.547560 0.291870 0.104880 0.081300
12 0.618295 0.375610 0.130890 0.108940
0 0.864635 0.375200 0.113010 0.109760
26 0.054875 0.537400 0.101630 0.079680
0 0.126015 0.621140 0.112190 0.108940
0 0.372355 0.620735 0.110570 0.108130
26 0.546340 0.537400 0.104060 0.079680
8 0.618700 0.621135 0.030900 0.110570
19 0.864230 0.620730 0.092680 0.109760
9 0.123170 0.867885 0.069100 0.113010
11 0.376830 0.867070 0.083740 0.109760
19 0.618295 0.866665 0.091870 0.108950
11 0.868700 0.867480 0.082120 0.108940
