4 0.133740 0.131305 0.082920 0.108130
4 0.379265 0.131305 0.082930 0.108130
3 0.623575 0.131305 0.101630 0.108130
8 0.867470 0.131710 0.030060 0.108940
19 0.129675 0.376015 0.092690 0.109750
8 0.375610 0.376015 0.030080 0.109750
5 0.625610 0.376015 0.084560 0.109750
1 0.868695 0.375610 0.094310 0.108940
21 0.130080 0.620325 0.104880 0.108130
19 0.375605 0.619915 0.091870 0.108130
13 0.621950 0.619915 0.101620 0.108130
17 0.868295 0.619915 0.096750 0.108130
19 0.129675 0.864635 0.091050 0.108130
4 0.379265 0.864230 0.082930 0.107320
0 0.622355 0.864230 0.112190 0.108940
21 0.866670 0.864635 0.104880 0.108130
