4 0.135370 0.129265 0.083740 0.110570
3 0.378455 0.129675 0.101630 0.109750
2 0.623580 0.130890 0.086180 0.113820
20 0.867480 0.130485 0.097560 0.113010
4 0.135775 0.376425 0.084550 0.110570
8 0.377235 0.376425 0.029270 0.110570
13 0.622760 0.376015 0.102440 0.109750
7 0.867890 0.376425 0.100000 0.110570
19 0.132115 0.622360 0.093490 0.109760
18 0.376420 0.623580 0.092680 0.113820
25 0.622765 0.623170 0.095930 0.111380
1 0.869510 0.622765 0.095120 0.108950
7 0.132110 0.869105 0.100000 0.108950
8 0.377235 0.869510 0.030890 0.109760
4 0.626015 0.869510 0.084550 0.111380
15 0.869510 0.869105 0.095120 0.110570
