30 0.789840 0.082925 0.065040 0.061790
22 0.204065 0.274390 0.111390 0.077240
3 0.390245 0.274390 0.075610 0.077240
18 0.571950 0.274795 0.069920 0.079670
15 0.758945 0.273575 0.071550 0.077230
26 0.151625 0.387805 0.076430 0.056910
9 0.202035 0.447965 0.052030 0.079670
8 0.388620 0.447155 0.021960 0.076430
12 0.573170 0.448375 0.098380 0.078050
27 0.703655 0.388210 0.078050 0.057720
14 0.756500 0.447965 0.081300 0.079670
19 0.204065 0.620730 0.069110 0.077240
26 0.335365 0.561790 0.078050 0.058540
18 0.388210 0.621545 0.069920 0.080490
7 0.573175 0.621135 0.075610 0.078050
26 0.704065 0.563010 0.077230 0.057720
0 0.757720 0.620730 0.083740 0.077240
11 0.208130 0.794305 0.060980 0.078050
14 0.388210 0.794715 0.081300 0.078870
17 0.574800 0.794305 0.072360 0.078050
4 0.760160 0.794305 0.062600 0.078050
