7 0.125365 0.121960 0.101070 0.109820
0 0.374635 0.121960 0.111750 0.111760
12 0.623420 0.121475 0.133140 0.110790
13 0.872205 0.122930 0.103990 0.111760
13 0.125365 0.371720 0.103010 0.109820
4 0.378525 0.372205 0.084550 0.110790
15 0.625365 0.372205 0.096210 0.110790
8 0.871720 0.371720 0.031100 0.111760
24 0.125365 0.621480 0.101070 0.111760
14 0.372690 0.621965 0.109820 0.114670
18 0.621960 0.622450 0.095240 0.115640
0 0.871720 0.621475 0.110780 0.109810
19 0.124875 0.870745 0.094270 0.110790
19 0.373660 0.871230 0.092320 0.111760
13 0.622935 0.870745 0.104950 0.112730
17 0.872985 0.870550 0.099130 0.111760
