21 0.129675 0.129675 0.106510 0.109750
8 0.374390 0.129265 0.030080 0.110570
17 0.621140 0.129265 0.097560 0.110570
19 0.864635 0.129265 0.093490 0.110570
19 0.128865 0.375200 0.091870 0.109760
18 0.373575 0.376015 0.093490 0.114630
8 0.619510 0.375200 0.030900 0.109760
13 0.864635 0.375200 0.103250 0.109760
9 0.126020 0.621950 0.069920 0.113820
8 0.373985 0.620730 0.029270 0.109760
3 0.621140 0.621135 0.102440 0.110570
15 0.866665 0.620730 0.094310 0.109760
4 0.132520 0.866665 0.084560 0.110570
21 0.375200 0.867070 0.104880 0.109760
6 0.618290 0.867885 0.100000 0.114630
0 0.864225 0.866260 0.112190 0.111380
