19 0.124390 0.129675 0.095120 0.109750
24 0.373575 0.130085 0.100810 0.110570
18 0.620325 0.130485 0.095130 0.114630
4 0.872765 0.129675 0.084550 0.111390
4 0.128455 0.376425 0.085370 0.110570
14 0.371955 0.377235 0.110570 0.113830
4 0.624390 0.376420 0.085360 0.112200
18 0.868290 0.376830 0.095120 0.116260
14 0.123985 0.623580 0.112190 0.113820
8 0.372760 0.621955 0.032520 0.110570
7 0.621135 0.623170 0.101630 0.111380
14 0.868700 0.623985 0.108940 0.114630
23 0.123985 0.869510 0.112190 0.109760
6 0.372355 0.870325 0.101630 0.114630
13 0.621545 0.869105 0.104070 0.110570
17 0.870730 0.869510 0.098380 0.111380
