30 0.784960 0.105285 0.065040 0.064230
4 0.210975 0.299185 0.061790 0.078050
26 0.336990 0.239025 0.076420 0.059350
17 0.391045 0.298780 0.070710 0.077240
14 0.570325 0.299595 0.079670 0.082110
21 0.752845 0.298780 0.077230 0.077240
4 0.210570 0.474795 0.062600 0.079670
3 0.390650 0.474795 0.074800 0.078050
4 0.573575 0.474795 0.061790 0.078050
27 0.699185 0.415040 0.077230 0.057720
7 0.752435 0.474390 0.073170 0.078860
4 0.210975 0.650405 0.061790 0.078050
26 0.335770 0.590245 0.077240 0.058530
13 0.389435 0.650405 0.075610 0.078050
26 0.517885 0.590245 0.075610 0.058530
3 0.572355 0.650810 0.075610 0.077240
10 0.755285 0.650000 0.070730 0.078860
17 0.209755 0.825610 0.070730 0.077240
17 0.390650 0.825205 0.071540 0.078050
0 0.571540 0.825205 0.083740 0.079670
8 0.752440 0.826015 0.021140 0.076430
