30 0.811380 0.089835 0.065860 0.065850
13 0.229675 0.286180 0.074790 0.079680
28 0.360160 0.225200 0.077240 0.058540
0 0.412600 0.286180 0.082920 0.079680
0 0.596340 0.286180 0.084560 0.079680
29 0.725610 0.225605 0.078040 0.059350
22 0.778455 0.286180 0.110570 0.079680
19 0.229675 0.464225 0.068290 0.079670
7 0.413010 0.464635 0.073980 0.080490
19 0.596340 0.464225 0.069920 0.079670
11 0.782115 0.464630 0.060970 0.078860
3 0.231300 0.643085 0.076420 0.078050
19 0.413005 0.643090 0.069110 0.079680
0 0.595930 0.643085 0.083740 0.078050
15 0.780485 0.642680 0.070730 0.078860
28 0.176420 0.760570 0.077240 0.057720
0 0.229675 0.821135 0.082930 0.078050
8 0.413005 0.821140 0.021950 0.079680
28 0.543090 0.760975 0.077240 0.058530
19 0.596340 0.820730 0.068300 0.078860
20 0.778860 0.821545 0.072360 0.082110
