22 0.129675 0.134145 0.150410 0.108950
4 0.381300 0.134555 0.084560 0.108130
17 0.626425 0.133330 0.096750 0.108940
11 0.876830 0.134145 0.083740 0.108950
9 0.127235 0.378455 0.069110 0.111390
18 0.377235 0.378455 0.094310 0.114630
10 0.628455 0.377640 0.094310 0.109760
4 0.875200 0.377640 0.083740 0.109760
7 0.130080 0.621545 0.097560 0.106510
13 0.377640 0.621545 0.101620 0.108130
21 0.625610 0.621545 0.106500 0.108130
0 0.872760 0.621545 0.111380 0.108130
8 0.130490 0.864635 0.030080 0.109750
19 0.377640 0.864635 0.093500 0.108130
3 0.626425 0.864635 0.101630 0.108130
18 0.871950 0.865855 0.093500 0.112190
